6
-1.0, 0.0, 0.0; 1.0, 0.0, 0.0; -1.0, 0.0, -20.0
0.0, 0.0; 1.0, 0.0; 0.0, 1.0
blocks1.ppm
1.0, 0.0, 0.0; 1.0, 0.0, -20.0; -1.0, 0.0, -20.0
1.0, 0.0; 1.0, 1.0; 0.0, 1.0
blocks1.ppm
1.0, 0.0, 0.0; 1.5, -0.5, 0.0; 1.0, 0.0, -20.0
0.0, 0.0; 1.0, 0.0; 0.0, 1.0
grass.ppm
1.5, -0.5, 0.0; 1.5, -0.5, -20.0; 1.0, 0.0, -20.0
1.0, 0.0; 1.0, 1.0; 0.0, 1.0
grass.ppm
1.5, -0.5, 0.0; 2.0, 0.0, 0.0; 1.5, -0.5, -20.0
0.0, 0.0; 1.0, 0.0; 0.0, 1.0
grass.ppm
2.0, 0.0, 0.0; 2.0, 0.0, -20.0; 1.5, -0.5, -20.0
1.0, 0.0; 1.0, 1.0; 0.0, 1.0
grass.ppm
