12
-0.5, 0.0, 0.5; -0.5, 0.0, -0.5; 0.5, 0.0, 0.5;
0.0, 0.0; 1.0, 0.0; 0.0, 1.0
blocks1.ppm
0.5, 0.0, 0.5; -0.5, 0.0, -0.5; -0.5, 0.0, 0.5;
0.0, 0.0; 1.0, 0.0; 0.0, 1.0
blocks1.ppm
-0.5, 0.0, 0.5; 0.5, 0.0, 0.5; -0.5, 2.0, 0.5;
0.0, 0.0; 1.0, 0.0; 0.0, 1.0
blocks1.ppm
0.5, 0.0, 0.5; 0.5, 2.0, 0.5; -0.5, 2.0, 0.5;
0.0, 0.0; 1.0, 0.0; 0.0, 1.0
blocks1.ppm
0.5, 0.0, -0.5; -0.5, 0.0, -0.5; 0.5, 2.0, -0.5;
0.0, 0.0; 1.0, 0.0; 0.0, 1.0
blocks1.ppm
0.5, 0.0, -0.5; 0.5, 2.0, -0.5; -0.5, 2.0, -0.5;
0.0, 0.0; 1.0, 0.0; 0.0, 1.0
blocks1.ppm
-0.5, 0.0, 0.5; -0.5, 0.0, -0.5; -0.5, 2.0, -0.5;
0.0, 0.0; 1.0, 0.0; 0.0, 1.0
blocks1.ppm
-0.5, 0.0, -0.5; -0.5, 2.0, -0.5; -0.5, 2.0, 0.5;
0.0, 0.0; 1.0, 0.0; 0.0, 1.0
blocks1.ppm
0.5, 0.0, -0.5; 0.5, 0.0, 0.5; 0.5, 2.0, 0.5;
0.0, 0.0; 1.0, 0.0; 0.0, 1.0
blocks1.ppm
0.5, 0.0, 0.5; 0.5, 2.0, 0.5; 0.5, 2.0, -0.5;
0.0, 0.0; 1.0, 0.0; 0.0, 1.0
blocks1.ppm
-0.5, 2.0, 0.5; -0.5, 2.0, -0.5; 0.5, 2.0, 0.5;
0.0, 0.0; 1.0, 0.0; 0.0, 1.0
blocks1.ppm
0.5, 2.0, 0.5; -0.5, 2.0, -0.5; 0.5, 2.0, -0.5;
0.0, 0.0; 1.0, 0.0; 0.0, 1.0
blocks1.ppm
